Number of runs = 3000
                  0.10  0.20  0.30  0.40  0.50  0.60  0.70  0.80  0.90
"Multiple 0.50 :  1632.44  1466.75  1352.16  1263.95  1207.75  1187.22  1190.43  1221.92  1296.79"
"Multiple 0.75 :  1763.58  1505.82  1320.95  1190.67  1115.33  1097.10  1123.86  1201.77  1326.60"
"Multiple 1.00 :  1923.14  1582.99  1335.86  1172.47  1072.54  1034.21  1070.82  1160.79  1332.97"
"Multiple 1.25 :  2033.30  1663.21  1384.04  1162.69  1035.61  975.32  987.15  1113.00  1341.52"
"Multiple 1.50 :  2120.25  1712.93  1412.57  1170.97  986.35  901.57  921.78  1090.46  1364.53"
"Multiple 1.75 :  2169.32  1727.83  1409.53  1137.98  919.57  812.34  903.51  1108.80  1385.60"
"Multiple 2.00 :  2187.07  1714.76  1366.03  1060.53  813.56  778.42  927.85  1133.52  1418.87"
"Multiple 2.25 :  2195.36  1682.28  1293.03  946.99  737.56  783.25  944.79  1147.91  1436.71"
"Multiple 2.50 :  2197.04  1643.35  1204.46  831.74  704.73  784.58  954.62  1156.20  1460.72"
"Multiple 2.75 :  2197.79  1607.48  1112.61  738.74  674.15  778.02  942.71  1152.80  1486.40"


Number of runs = 1000
                  0.10  0.20  0.30  0.40  0.50  0.60  0.70  0.80  0.90
"Multiple 0.50 :  538.70  478.20  437.38  410.64  389.50  381.50  382.58  394.60  420.85"
"Multiple 0.75 :  583.34  490.26  424.75  383.63  361.89  359.68  367.88  394.38  435.38"
"Multiple 1.00 :  639.95  519.83  435.35  377.52  342.94  338.01  351.99  382.53  436.75"
"Multiple 1.25 :  684.68  555.42  457.09  379.90  334.84  312.95  325.85  366.21  439.02"
"Multiple 1.50 :  721.91  580.87  476.39  390.22  321.88  290.26  296.90  355.25  442.38"
"Multiple 1.75 :  738.91  590.04  479.93  381.04  300.78  259.93  282.09  355.24  450.58"
"Multiple 2.00 :  744.19  586.31  468.71  354.59  261.84  238.53  290.25  361.77  460.48"
"Multiple 2.25 :  747.95  576.65  442.22  313.87  229.92  241.04  299.93  368.92  467.79"
"Multiple 2.50 :  750.90  565.08  411.00  269.21  211.36  244.60  305.00  372.93  475.42"
"Multiple 2.75 :  756.98  552.76  378.59  234.84  205.38  245.13  302.42  372.50  483.82"


Number of runs = 100
                  0.10  0.20  0.30  0.40  0.50  0.60  0.70  0.80  0.90
"Multiple 0.50 :  57.53  50.57  47.04  44.33  41.97  41.49  41.55  42.61  43.61"
"Multiple 0.75 :  56.08  48.18  42.76  40.22  39.02  37.89  37.26  40.69  44.48"
"Multiple 1.00 :  58.34  47.14  40.13  36.03  33.27  33.42  35.93  39.40  44.92"
"Multiple 1.25 :  64.97  51.42  41.47  33.24  29.30  29.71  32.88  37.61  45.35"
"Multiple 1.50 :  70.16  56.19  43.58  33.40  28.03  26.74  28.93  36.45  45.34"
"Multiple 1.75 :  73.28  57.23  45.21  33.89  26.58  24.06  28.08  36.28  46.28"
"Multiple 2.00 :  73.75  56.96  44.04  33.47  24.42  22.75  28.44  36.43  46.47"
"Multiple 2.25 :  75.49  56.68  41.94  30.60  22.38  22.84  29.76  36.54  46.67"
"Multiple 2.50 :  76.05  56.19  39.07  26.22  21.03  23.62  30.04  37.31  46.93"
"Multiple 2.75 :  76.69  54.63  36.60  23.20  20.84  24.40  29.97  36.87  46.98"

Number of runs = 1000
                         0.10     0.20     0.30      0.40     0.50     0.60     0.70     0.80     0.90
"Multiple 1.50 :  704.98  544.57  426.70  342.95  302.83  298.35  310.27  360.17  439.08"
"Multiple 1.75 :  745.44  573.24  439.44  342.55  275.59  265.44  289.21  350.13  445.89"
"Multiple 2.00 :  764.10  584.62  448.26  334.55  252.36  238.11  277.33  343.59  446.84"
"Multiple 2.25 :  781.00  583.17  440.41  318.31  232.80  223.28  275.07  341.77  451.56"
"Multiple 2.50 :  786.02  576.72  419.14  289.45  217.50  219.97  276.01  347.74  454.56"
"Multiple 2.75 :  784.56  567.92  396.05  262.15  207.39  220.59  280.10  352.53  458.36"
"Multiple 3.00 :  778.13  552.15  371.12  238.89  203.00  225.69  284.33  355.48  462.49"
"Multiple 3.25 :  770.39  531.13  343.37  219.83  195.51  228.00  284.02  357.16  466.49"
"Multiple 3.50 :  766.01  511.57  315.66  202.35  188.44  227.12  280.12  358.91  473.52"
"Multiple 3.75 :  758.96  495.73  293.63  191.21  181.88  223.70  277.30  361.60  479.66"