               0.10   0.20   0.30   0.40   0.50   0.60   0.70   0.80   0.90
Multiple 2.00  0.38   0.24   0.16   0.13   0.16   0.22   0.33   0.52   0.82
Multiple 2.30  0.39   0.23   0.14   0.10   0.11   0.17   0.28   0.50   0.84
Multiple 2.60  0.38   0.22   0.13   0.08   0.09   0.14   0.26   0.49   0.85
Multiple 2.90  0.38   0.21   0.11   0.06   0.06   0.12   0.25   0.48   0.85
Multiple 3.20  0.37   0.20   0.10   0.05   0.04   0.09   0.22   0.45   0.84
Multiple 3.50  0.38   0.21   0.11   0.04   0.02   0.07   0.20   0.43   0.84
Multiple 3.80  0.38   0.22   0.11   0.04   0.01   0.05   0.18   0.41   0.84
Multiple 4.10  0.39   0.22   0.11   0.04   0.01   0.04   0.16   0.40   0.85
Multiple 4.40  0.39   0.23   0.11   0.03   0.00   0.03   0.16   0.41   0.87
Multiple 4.70  0.39   0.23   0.11   0.03   0.00   0.03   0.16   0.43   0.94
Multiple 5.00  0.39   0.23   0.10   0.03   0.00   0.04   0.18   0.46   1.00